+0 000 000 000 
+0 000 000 000 
+0 000 000 000 
+0 000 000 000 
+0 000 000 000 
+0 000 000 000 
+0 000 000 000 
+0 000 000 000 
+0 000 000 000 
+0 000 000 000 
+0 000 000 000 
+0 000 000 000 
+0 000 000 000 
+0 000 000 000 
+0 000 000 000 
+0 000 000 000 
+9 999 999 999
+8 000 000 001
+8 000 000 002
+8 000 000 008
+8 000 000 009
+1 009 001 009
+5 004 009 029
+5 005 009 029
+8 000 000 014
-5 014 000 012
-6 014 015 004 
+1 004 001 004
+5 014 000 014
-6 014 493 005 
+1 005 001 005 
+7 003 008 005 
+0 004 000 006 
+0 005 000 007 
+0 000 000 004 
+0 000 000 005 
+6 015 004 014 
+1 014 010 010 
+7 004 006 019  
+6 493 005 014  
+1 014 011 011  
+7 005 007 022  
-2 010 006 012  
-2 011 007 013  
-8 012 000 000  
-8 013 000 000  
+9 000 000 000
+9 999 999 999
1
2
10
478
1125
-761
0
-5468
-204
1987658
-1234567891
205
-34657899
-355